.word 16, 16
.byte 255,255,255,255,255,255,255,255,255,255,255,255,255,255,255,255,
255,255,255,255,255,172,83,83,76,91,181,255,255,255,255,255,
255,255,255,255,83,79,151,77,151,151,69,172,255,255,255,255,
255,255,255,255,1,149,151,151,151,150,148,83,255,255,255,255,
255,255,255,173,88,168,240,162,162,240,168,80,255,255,255,255,
255,255,255,92,169,255,74,168,160,75,255,80,255,255,255,255,
255,255,255,92,160,245,161,162,168,171,243,80,255,255,255,255,
255,255,255,255,90,160,8,83,10,80,160,164,255,255,255,255,
255,255,255,174,73,88,160,82,89,168,8,163,174,255,255,255,
255,255,90,160,88,160,147,160,153,161,88,160,88,173,255,255,
255,255,172,164,8,154,161,168,168,161,168,9,163,246,255,255,
255,255,255,255,90,160,160,72,73,153,80,182,255,255,255,255,
255,255,255,173,68,151,2,255,172,69,151,74,255,255,255,255,
255,255,255,246,164,164,246,255,255,173,164,164,255,255,255,255,
255,255,255,255,255,255,255,255,255,255,255,255,255,255,255,255,
255,255,255,255,255,255,255,255,255,255,255,255,255,255,255,255,


