.word 16, 16
.byte 255,255,255,255,255,255,255,255,255,255,255,255,255,255,255,255,
255,255,255,255,255,255,91,173,164,173,255,255,255,255,255,255,
255,255,255,255,173,67,151,77,151,78,66,246,255,255,255,255,
255,255,255,255,90,143,151,151,151,151,151,67,164,255,255,255,
255,255,255,255,81,168,168,168,168,161,158,86,67,255,255,255,
255,255,255,255,0,255,168,93,254,168,168,80,246,255,255,255,
255,255,255,164,80,231,170,152,243,168,168,72,255,255,255,255,
255,255,255,164,80,0,21,3,88,168,160,82,255,255,255,255,
255,255,255,255,10,80,80,152,168,168,80,183,255,255,255,255,
255,255,246,80,160,0,148,160,147,168,168,88,174,255,255,255,
255,255,255,164,0,161,161,168,168,0,168,88,174,255,255,255,
255,255,255,255,91,160,161,161,147,160,8,92,255,255,255,255,
255,255,255,255,74,143,151,9,75,151,143,91,255,255,255,255,
255,255,255,255,91,91,91,164,91,91,91,173,255,255,255,255,
255,255,255,255,255,255,255,255,255,255,255,255,255,255,255,255,
255,255,255,255,255,255,255,255,255,255,255,255,255,255,255,255,


