bomba_rosa: .word 16, 16
.byte 158,85,159,94,85,94,167,167,167,167,167,167,167,167,167,167,
94,93,85,29,29,93,85,85,158,167,167,167,167,167,167,167,
159,85,20,84,85,29,93,85,85,158,167,167,167,167,167,167,
167,159,159,159,85,85,85,94,84,76,158,167,167,167,167,167,
167,167,167,167,76,94,86,77,76,85,77,85,159,167,167,167,
167,167,167,158,76,76,76,85,85,158,86,86,85,159,167,167,
167,167,159,85,86,94,158,158,158,158,158,86,86,77,159,167,
167,167,94,77,86,94,158,158,158,158,158,86,86,76,159,167,
167,167,86,77,86,94,158,158,158,158,158,94,86,77,85,167,
167,167,76,86,86,86,94,94,94,94,94,86,86,78,85,167,
167,167,76,86,86,86,86,94,94,94,86,86,86,77,85,167,
167,167,94,77,86,86,86,86,86,86,86,86,78,76,159,167,
167,167,167,77,77,78,78,78,86,78,78,78,77,85,167,167,
167,167,167,158,77,77,77,77,77,77,77,77,85,159,167,167,
167,167,167,167,158,85,76,77,77,77,76,85,159,167,167,167,
167,167,167,167,167,167,159,94,85,85,159,167,167,167,167,167,


