bomba_vermelha: .word 16, 16
.byte 0,192,185,47,3,200,185,39,4,192,120,7,0,192,56,7,
12,201,185,47,4,192,120,7,0,192,56,7,0,192,56,7,
4,192,120,7,0,192,56,7,0,192,56,15,3,192,121,39,
0,192,56,7,0,200,121,39,13,201,185,47,13,201,185,47,
4,192,185,47,13,201,185,47,13,200,184,39,3,192,56,7,
13,201,185,47,5,200,184,39,1,192,56,7,0,192,56,31,
4,192,184,15,0,192,56,7,0,192,121,39,4,200,185,47,
0,192,56,7,4,200,184,39,5,200,185,47,5,200,184,39,
4,200,185,39,5,200,185,47,5,192,185,39,4,192,56,7,
4,200,185,39,4,200,185,31,0,192,56,7,0,192,57,31,
4,192,56,7,0,192,56,7,0,192,120,39,4,200,185,39,
0,192,56,7,0,192,121,39,4,200,185,39,4,200,184,39,
0,192,120,39,4,200,185,39,4,192,120,7,0,192,56,7,
3,192,120,15,0,192,56,7,0,192,56,7,0,192,56,7,
0,192,56,7,0,192,56,7,0,192,56,7,0,192,56,23,
0,192,56,7,0,192,56,7,0,192,56,7,0,192,56,7,


