.word 16, 16
.byte 255,255,255,255,255,255,255,255,255,255,255,255,255,255,255,255,
255,255,255,255,255,255,255,255,255,255,255,255,255,255,255,255,
255,255,255,255,255,164,9,73,73,9,164,255,255,255,255,255,
255,255,255,255,255,0,9,9,9,9,0,255,255,255,255,255,
255,255,255,164,82,0,0,0,0,0,0,82,164,255,255,255,
255,255,255,255,9,92,102,102,101,102,84,9,255,255,255,255,
255,255,255,255,1,183,93,92,92,101,183,1,246,255,255,255,
255,255,255,255,164,101,183,183,183,183,101,172,255,255,255,255,
255,255,255,255,91,0,0,82,82,0,0,91,255,255,255,255,
255,255,246,91,82,9,0,103,167,0,9,82,91,246,255,255,
255,255,173,92,93,1,0,84,92,0,9,93,92,173,255,255,
255,255,255,246,255,0,9,0,0,9,0,255,246,255,255,255,
255,255,255,255,82,10,10,82,82,11,10,82,255,255,255,255,
255,255,255,255,82,91,82,173,164,82,91,82,255,255,255,255,
255,255,255,255,255,255,255,255,255,255,255,255,255,255,255,255,
255,255,255,255,255,255,255,255,255,255,255,255,255,255,255,255,


